image_width: 640
image_height: 480
camera_name: narrow_stereo
camera_matrix:
  rows: 3
  cols: 3
  data: [764.427100, 0.000000, 296.475889, 0.000000, 764.600716, 210.896229, 0.000000, 0.000000, 1.000000]
distortion_model: plumb_bob
distortion_coefficients:
  rows: 1
  cols: 5
  data: [0.021226, -0.142325, 0.001330, 0.005850, 0.000000]
rectification_matrix:
  rows: 3
  cols: 3
  data: [1.000000, 0.000000, 0.000000, 0.000000, 1.000000, 0.000000, 0.000000, 0.000000, 1.000000]
projection_matrix:
  rows: 3
  cols: 4
  data: [764.615417, 0.000000, 298.603429, 0.000000, 0.000000, 766.732056, 211.119378, 0.000000, 0.000000, 0.000000, 1.000000, 0.000000]
