# oST version 5.0 parameters


[image]

width
640

height
480

[narrow_stereo]

camera matrix
764.427100 0.000000 296.475889
0.000000 764.600716 210.896229
0.000000 0.000000 1.000000

distortion
0.021226 -0.142325 0.001330 0.005850 0.000000

rectification
1.000000 0.000000 0.000000
0.000000 1.000000 0.000000
0.000000 0.000000 1.000000

projection
764.615417 0.000000 298.603429 0.000000
0.000000 766.732056 211.119378 0.000000
0.000000 0.000000 1.000000 0.000000

